unique_sgns =

     3     3    15


sum_mat =

  21×21 sparse double matrix (6 nonzeros)

  (12,1)        1
   (8,2)       -1
   (7,3)        1
   (3,7)        1
   (2,8)       -1
   (1,12)       1


unique_sgns =

     3     3    15
     5     5    11


sum_mat =

  21×21 sparse double matrix (12 nonzeros)

  (12,1)        1
  (19,1)        1
   (8,2)       -1
   (7,3)        1
  (10,4)       -1
   (9,5)        1
   (3,7)        1
   (2,8)       -1
   (5,9)        1
   (4,10)      -1
   (1,12)       1
   (1,19)       1


unique_sgns =

     3     3    15
     5     5    11
     6     6     9


sum_mat =

  21×21 sparse double matrix (12 nonzeros)

  (12,1)        1
   (8,2)       -1
   (7,3)        1
  (21,4)        1
  (20,5)       -1
  (19,6)        1
   (3,7)        1
   (2,8)       -1
   (1,12)       1
   (6,19)       1
   (5,20)      -1
   (4,21)       1


unique_sgns =

     3     3    15
     5     5    11
     6     6     9
     7     8     6


sum_mat =

  21×21 sparse double matrix (18 nonzeros)

  (12,1)        1
  (19,1)        1
   (8,2)       -1
   (7,3)        1
  (10,4)       -1
   (9,5)        1
   (3,7)        1
   (2,8)       -1
   (5,9)        1
   (4,10)      -1
   (1,12)       1
  (19,12)       1
  (17,13)      -1
  (16,14)       1
  (14,16)       1
  (13,17)      -1
   (1,19)       1
  (12,19)       1


unique_sgns =

     3     3    15
     5     5    11
     6     6     9
     7     8     6
     8     8     5


sum_mat =

  21×21 sparse double matrix (18 nonzeros)

  (12,1)        1
  (19,1)        1
   (8,2)       -1
   (7,3)        1
  (10,4)       -1
   (9,5)        1
   (3,7)        1
   (2,8)       -1
   (5,9)        1
   (4,10)      -1
   (1,12)       1
  (20,12)       1
  (18,13)      -1
  (16,15)       1
  (15,16)       1
  (13,18)      -1
   (1,19)       1
  (12,20)       1


unique_sgns =

     3     3    15
     5     5    11
     6     6     9
     7     8     6
     8     8     5
     8     7     6


sum_mat =

  21×21 sparse double matrix (18 nonzeros)

  (12,1)        1
   (8,2)       -1
  (19,2)        1
   (7,3)        1
  (14,4)       -1
  (13,5)        1
   (3,7)        1
   (2,8)       -1
  (19,8)        1
  (17,9)       -1
  (16,10)       1
   (1,12)       1
   (5,13)       1
   (4,14)      -1
  (10,16)       1
   (9,17)      -1
   (2,19)       1
   (8,19)       1


unique_sgns =

     3     3    15
     5     5    11
     6     6     9
     7     8     6
     8     8     5
     8     7     6
     9     9     3


sum_mat =

  21×21 sparse double matrix (24 nonzeros)

  (12,1)        1
  (19,1)        1
   (8,2)       -1
  (20,2)        1
   (7,3)        1
  (10,4)       -1
  (15,4)       -1
   (9,5)        1
  (13,6)        1
   (3,7)        1
   (2,8)       -1
  (21,8)        1
   (5,9)        1
   (4,10)      -1
  (18,10)      -1
  (17,11)       1
   (1,12)       1
   (6,13)       1
   (4,15)      -1
  (11,17)       1
  (10,18)      -1
   (1,19)       1
   (2,20)       1
   (8,21)       1


unique_sgns =

     3     3    15
     5     5    11
     6     6     9
     7     8     6
     8     8     5
     8     7     6
     9     9     3
     9     7     5


sum_mat =

  21×21 sparse double matrix (30 nonzeros)

  (12,1)        1
  (19,1)        1
   (8,2)       -1
  (20,2)        1
   (7,3)        1
  (10,4)       -1
  (15,4)       -1
   (9,5)        1
  (13,6)        1
   (3,7)        1
  (21,7)        1
   (2,8)       -1
  (20,8)        1
   (5,9)        1
  (18,9)       -1
   (4,10)      -1
  (15,10)      -1
  (14,11)       1
  (16,11)       1
   (1,12)       1
   (6,13)       1
  (11,14)       1
   (4,15)      -1
  (10,15)      -1
  (11,16)       1
   (9,18)      -1
   (1,19)       1
   (2,20)       1
   (8,20)       1
   (7,21)       1


unique_sgns =

     3     3    15
     5     5    11
     6     6     9
     7     8     6
     8     8     5
     8     7     6
     9     9     3
     9     7     5
    11    10     0


sum_mat =

  21×21 sparse double matrix (30 nonzeros)

  (12,1)        1
  (19,1)        1
   (8,2)       -1
  (20,2)        1
   (7,3)        1
  (10,4)       -1
  (15,4)       -1
   (9,5)        1
  (13,6)        1
   (3,7)        1
  (21,7)        1
   (2,8)       -1
   (5,9)        1
   (4,10)      -1
  (15,10)      -1
  (14,11)       1
   (1,12)       1
   (6,13)       1
  (11,14)       1
   (4,15)      -1
  (10,15)      -1
  (21,16)       1
  (20,17)      -1
  (19,18)       1
   (1,19)       1
  (18,19)       1
   (2,20)       1
  (17,20)      -1
   (7,21)       1
  (16,21)       1


unique_sgns =

     3     3    15
     5     5    11
     6     6     9
     7     8     6
     8     8     5
     8     7     6
     9     9     3
     9     7     5
    11    10     0
    10    11     0


sum_mat =

  21×21 sparse double matrix (30 nonzeros)

  (12,1)        1
  (19,1)        1
   (8,2)       -1
  (20,2)        1
   (7,3)        1
  (10,4)       -1
  (15,4)       -1
   (9,5)        1
  (13,6)        1
   (3,7)        1
   (2,8)       -1
  (21,8)        1
   (5,9)        1
   (4,10)      -1
  (18,10)      -1
  (17,11)       1
   (1,12)       1
  (19,12)       1
   (6,13)       1
  (17,13)      -1
  (16,14)       1
   (4,15)      -1
  (14,16)       1
  (11,17)       1
  (13,17)      -1
  (10,18)      -1
   (1,19)       1
  (12,19)       1
   (2,20)       1
   (8,21)       1


unique_sgns =

     3     3    15
     5     5    11
     6     6     9
     7     8     6
     8     8     5
     8     7     6
     9     9     3
     9     7     5
    11    10     0
    10    11     0
     7     9     5


sum_mat =

  21×21 sparse double matrix (30 nonzeros)

  (12,1)        1
  (19,1)        1
   (8,2)       -1
  (21,2)        1
   (7,3)        1
  (20,3)        1
  (10,4)       -1
  (18,4)       -1
   (9,5)        1
  (15,5)       -1
  (14,6)        1
  (16,6)        1
   (3,7)        1
  (20,7)        1
   (2,8)       -1
   (5,9)        1
  (15,9)       -1
   (4,10)      -1
  (13,11)       1
   (1,12)       1
  (11,13)       1
   (6,14)       1
   (5,15)      -1
   (9,15)      -1
   (6,16)       1
   (4,18)      -1
   (1,19)       1
   (3,20)       1
   (7,20)       1
   (2,21)       1


unique_sgns =

     3     3    15
     5     5    11
     6     6     9
     7     8     6
     8     8     5
     8     7     6
     9     9     3
     9     7     5
    11    10     0
    10    11     0
     7     9     5
     7    11     3


sum_mat =

  21×21 sparse double matrix (36 nonzeros)

  (12,1)        1
  (19,1)        1
   (8,2)       -1
  (21,2)        1
   (7,3)        1
  (20,3)        1
  (10,4)       -1
  (18,4)       -1
   (9,5)        1
  (15,5)       -1
  (14,6)        1
  (16,6)        1
   (3,7)        1
  (20,7)        1
   (2,8)       -1
   (5,9)        1
  (15,9)       -1
   (4,10)      -1
  (13,11)       1
   (1,12)       1
  (19,12)       1
  (11,13)       1
  (17,13)      -1
   (6,14)       1
  (16,14)       1
   (5,15)      -1
   (9,15)      -1
   (6,16)       1
  (14,16)       1
  (13,17)      -1
   (4,18)      -1
   (1,19)       1
  (12,19)       1
   (3,20)       1
   (7,20)       1
   (2,21)       1


unique_sgns =

     3     3    15
     5     5    11
     6     6     9
     7     8     6
     8     8     5
     8     7     6
     9     9     3
     9     7     5
    11    10     0
    10    11     0
     7     9     5
     7    11     3
    11     7     3


